435
1 0   0
2 0   0
2 1  20
3 0   0
3 1   0
3 2   0
4 0   0
4 1   0
4 2   0
4 3  93
5 0   0
5 1   0
5 2  18
5 3   0
5 4   0
6 0   0
6 1   0
6 2   0
6 3   0
6 4   0
6 5   0
7 0   0
7 1   0
7 2  44
7 3  81
7 4   0
7 5   0
7 6   0
8 0   0
8 1  63
8 2  71
8 3  48
8 4   0
8 5   0
8 6  88
8 7   0
9 0   0
9 1  84
9 2  73
9 3   0
9 4   0
9 5  88
9 6 115
9 7  43
9 8   0
10 0   0
10 1   0
10 2  11
10 3   0
10 4   0
10 5   8
10 6   0
10 7   0
10 8   0
10 9   0
11 0   0
11 1   0
11 2  46
11 3  69
11 4   0
11 5  63
11 6   0
11 7   0
11 8   0
11 9  28
11 10   0
12 0   0
12 1   0
12 2   6
12 3   0
12 4   0
12 5   0
12 6   0
12 7  40
12 8   0
12 9   0
12 10  16
12 11   0
13 0  83
13 1  49
13 2  61
13 3   0
13 4   0
13 5   0
13 6  75
13 7   0
13 8  16
13 9  53
13 10  57
13 11  59
13 12   0
14 0   0
14 1   0
14 2   0
14 3   0
14 4  72
14 5   0
14 6  64
14 7   0
14 8   0
14 9   0
14 10   0
14 11   0
14 12   0
14 13   0
15 0   0
15 1  81
15 2   0
15 3   0
15 4   0
15 5  77
15 6  85
15 7   0
15 8  75
15 9   0
15 10  71
15 11   0
15 12   0
15 13  88
15 14   0
16 0   0
16 1   0
16 2   0
16 3   0
16 4   0
16 5  54
16 6  79
16 7   0
16 8   0
16 9   0
16 10  48
16 11   0
16 12   0
16 13   0
16 14   0
16 15   0
17 0   0
17 1   0
17 2   0
17 3  32
17 4   0
17 5  18
17 6   0
17 7   0
17 8  61
17 9   0
17 10   0
17 11   0
17 12   0
17 13   0
17 14   0
17 15  67
17 16   0
18 0   0
18 1   0
18 2   0
18 3   0
18 4   0
18 5   0
18 6  83
18 7   0
18 8   0
18 9   0
18 10   0
18 11   0
18 12  46
18 13   0
18 14   0
18 15   9
18 16   0
18 17   0
19 0  25
19 1   0
19 2   0
19 3   0
19 4   0
19 5   0
19 6   0
19 7   7
19 8   0
19 9   0
19 10   0
19 11  29
19 12  35
19 13   0
19 14   0
19 15   0
19 16   3
19 17   0
19 18  12
20 0   0
20 1   0
20 2   0
20 3  97
20 4  33
20 5   0
20 6  70
20 7   0
20 8   0
20 9  53
20 10   0
20 11  45
20 12  53
20 13 103
20 14  90
20 15   0
20 16   0
20 17   0
20 18   0
20 19   0
21 0   0
21 1  24
21 2   0
21 3  44
21 4  69
21 5  20
21 6  58
21 7  41
21 8  76
21 9   0
21 10  14
21 11   0
21 12   0
21 13   0
21 14 104
21 15   0
21 16   0
21 17   0
21 18   0
21 19  36
21 20  54
22 0  43
22 1   0
22 2   0
22 3   0
22 4  12
22 5   0
22 6   0
22 7   0
22 8   0
22 9  83
22 10   0
22 11   0
22 12  57
22 13   0
22 14   0
22 15  48
22 16   0
22 17   0
22 18   0
22 19   0
22 20   0
22 21  57
23 0  21
23 1   0
23 2   0
23 3   0
23 4   0
23 5   0
23 6  52
23 7  48
23 8  76
23 9   0
23 10   0
23 11  53
23 12   0
23 13   0
23 14   0
23 15   0
23 16   0
23 17  15
23 18  55
23 19   0
23 20   0
23 21   0
23 22   0
24 0  50
24 1  75
24 2   0
24 3   0
24 4   0
24 5   0
24 6   0
24 7  19
24 8   0
24 9  24
24 10   0
24 11   0
24 12   0
24 13   0
24 14  79
24 15   0
24 16  25
24 17   0
24 18   0
24 19   0
24 20   0
24 21   0
24 22   0
24 23  63
25 0   0
25 1  88
25 2   0
25 3   0
25 4   0
25 5   0
25 6   0
25 7   0
25 8   0
25 9   0
25 10  81
25 11   0
25 12   0
25 13   0
25 14   0
25 15  41
25 16   0
25 17   0
25 18   0
25 19  51
25 20  31
25 21   0
25 22  18
25 23   0
25 24   0
26 0   0
26 1   0
26 2   0
26 3   0
26 4   0
26 5   0
26 6   0
26 7   0
26 8   0
26 9   0
26 10   0
26 11   0
26 12   0
26 13   0
26 14   0
26 15   0
26 16   0
26 17   0
26 18  21
26 19  24
26 20  37
26 21   0
26 22  69
26 23   0
26 24   0
26 25   0
27 0   0
27 1   0
27 2   0
27 3  31
27 4   0
27 5   0
27 6   0
27 7   0
27 8   0
27 9  49
27 10   0
27 11   0
27 12   0
27 13   0
27 14  50
27 15   0
27 16  70
27 17   0
27 18  77
27 19   0
27 20   0
27 21  57
27 22   0
27 23   0
27 24  61
27 25 117
27 26   0
28 0   0
28 1  83
28 2 100
28 3   0
28 4   0
28 5  90
28 6   0
28 7   0
28 8   0
28 9   0
28 10   0
28 11  77
28 12 106
28 13  39
28 14   0
28 15   0
28 16   0
28 17   0
28 18   0
28 19   0
28 20   0
28 21   0
28 22   0
28 23   0
28 24   0
28 25  71
28 26   0
28 27   0
29 0  73
29 1   0
29 2   0
29 3   0
29 4   0
29 5   0
29 6   0
29 7  63
29 8   0
29 9   0
29 10   0
29 11   0
29 12  60
29 13   0
29 14   0
29 15   0
29 16   0
29 17   0
29 18   0
29 19   0
29 20   0
29 21  61
29 22   0
29 23   0
29 24   0
29 25   0
29 26   0
29 27  11
29 28   0
